14548376 100000 100 0
14548376 7410526 55.9508 0
14548376 15410526 16.1873 0
14548376 36410526 2.53178 0
14548376 66410526 0.891286 0
14548376 126410526 0.403507 0
14548376 226410526 0.227581 0
14548376 526410526 0.117544 0
14548376 1052721052 0.0695419 0
14548376 1579031578 0.0557156 0
14548376 2105342105 0.0502589 0
14548376 2631652631 0.0446792 0
14548376 3157963157 0.0416431 0
14548376 3684273684 0.0408226 0
14548376 4210584210 0.0400841 0
14548376 4736894736 0.0384429 0
14548376 5263205263 0.0371301 0
14548376 5789515789 0.035489 0
14548376 6315826315 0.0348325 0
14548376 6842136842 0.0350377 0
14548376 7368447368 0.0351197 0
14548376 7894757894 0.0345043 0
14548376 8421068421 0.034135 0
14548376 8947378947 0.0329863 0
14548376 9473689473 0.0334376 0
14548376 10000000000 0.0327401 0
