14548376 100000 100 0
14548376 12011080 8.56318 0
14548376 23922160 3.31992 0
14548376 35833240 1.73884 0
14548376 47744321 1.22369 0
14548376 59655401 0.909625 0
14548376 71566481 0.748099 0
14548376 83477562 0.645489 0
14548376 95388642 0.57849 0
14548376 107299722 0.541894 0
14548376 119210803 0.512395 0
14548376 131121883 0.497092 0
14548376 143032963 0.485727 0
14548376 154944044 0.47588 0
14548376 166855124 0.471244 0
14548376 178766204 0.46907 0
14548376 190677285 0.465952 0
14548376 202588365 0.464023 0
14548376 214499445 0.462792 0
14548376 226410526 0.462751 0
