14548376 100000 100 0
14548376 12011080 8.08931 0
14548376 23922160 3.76774 0
14548376 35833240 2.24212 0
14548376 47744321 1.72111 0
14548376 59655401 1.40807 0
14548376 71566481 1.23506 0
14548376 83477562 1.13282 0
14548376 95388642 1.06442 0
14548376 107299722 1.02725 0
14548376 119210803 1.00017 0
14548376 131121883 0.982121 0
14548376 143032963 0.970141 0
14548376 154944044 0.961812 0
14548376 166855124 0.958448 0
14548376 178766204 0.952663 0
14548376 190677285 0.952663 0
14548376 202588365 0.95053 0
14548376 214499445 0.949914 0
14548376 226410526 0.94856 0
