14548376 100000 100 0
14548376 7410526 34.4148 0
14548376 15410526 21.141 0
14548376 36410526 16.0006 0
14548376 66410526 14.6392 0
14548376 126410526 13.8879 0
14548376 226410526 13.5263 0
14548376 526410526 13.28 0
14548376 1052721052 13.1957 0
14548376 1579031578 13.1553 0
14548376 2105342105 13.1472 0
14548376 2631652631 13.1394 0
14548376 3157963157 13.1259 0
14548376 3684273684 13.1212 0
14548376 4210584210 13.1212 0
14548376 4736894736 13.1225 0
14548376 5263205263 13.1191 0
14548376 5789515789 13.1173 0
14548376 6315826315 13.1119 0
14548376 6842136842 13.1114 0
14548376 7368447368 13.1123 0
14548376 7894757894 13.1121 0
14548376 8421068421 13.113 0
14548376 8947378947 13.1126 0
14548376 9473689473 13.1089 0
14548376 10000000000 13.1107 0
