14548376 100000 100 0
14548376 7410526 21.2667 0
14548376 15410526 5.63179 0
14548376 36410526 2.40291 0
14548376 66410526 1.68345 0
14548376 126410526 1.31547 0
14548376 226410526 1.14422 0
14548376 526410526 1.03907 0
14548376 1052721052 0.988111 0
14548376 1579031578 0.975023 0
14548376 2105342105 0.967843 0
14548376 2631652631 0.965464 0
14548376 3157963157 0.962756 0
14548376 3684273684 0.960171 0
14548376 4210584210 0.957751 0
14548376 4736894736 0.957135 0
14548376 5263205263 0.958489 0
14548376 5789515789 0.954673 0
14548376 6315826315 0.955043 0
14548376 6842136842 0.953894 0
14548376 7368447368 0.953114 0
14548376 7894757894 0.953566 0
14548376 8421068421 0.952745 0
14548376 8947378947 0.952991 0
14548376 9473689473 0.952253 0
14548376 10000000000 0.953935 0
