14548376 100000 65.782 0
14548376 12011080 65.782 0
14548376 23922160 65.782 0
14548376 35833240 65.782 0
14548376 47744321 65.782 0
14548376 59655401 65.782 0
14548376 71566481 65.782 0
14548376 83477562 65.782 0
14548376 95388642 65.782 0
14548376 107299722 65.782 0
14548376 119210803 65.782 0
14548376 131121883 65.782 0
14548376 143032963 65.782 0
14548376 154944044 65.782 0
14548376 166855124 65.782 0
14548376 178766204 65.782 0
14548376 190677285 65.782 0
14548376 202588365 65.782 0
14548376 214499445 65.782 0
14548376 226410526 65.782 0
