14548376 100000 100 0
14548376 7410526 26.8914 0
14548376 15410526 5.34115 0
14548376 36410526 1.88071 0
14548376 66410526 1.16662 0
14548376 126410526 0.810912 0
14548376 226410526 0.650371 0
14548376 526410526 0.543371 0
14548376 1052721052 0.501769 0
14548376 1579031578 0.485111 0
14548376 2105342105 0.48105 0
14548376 2631652631 0.478301 0
14548376 3157963157 0.474034 0
14548376 3684273684 0.474403 0
14548376 4210584210 0.47108 0
14548376 4736894736 0.470095 0
14548376 5263205263 0.468947 0
14548376 5789515789 0.467716 0
14548376 6315826315 0.468208 0
14548376 6842136842 0.466895 0
14548376 7368447368 0.466813 0
14548376 7894757894 0.466731 0
14548376 8421068421 0.466321 0
14548376 8947378947 0.465377 0
14548376 9473689473 0.465623 0
14548376 10000000000 0.465295 0
