14548376 100000 100 0
14548376 12011080 11.6429 0
14548376 23922160 6.63955 0
14548376 35833240 4.98458 0
14548376 47744321 4.33765 0
14548376 59655401 4.00607 0
14548376 71566481 3.82243 0
14548376 83477562 3.7249 0
14548376 95388642 3.65376 0
14548376 107299722 3.60904 0
14548376 119210803 3.58943 0
14548376 131121883 3.57515 0
14548376 143032963 3.56625 0
14548376 154944044 3.56014 0
14548376 166855124 3.55829 0
14548376 178766204 3.55517 0
14548376 190677285 3.5539 0
14548376 202588365 3.553 0
14548376 214499445 3.55271 0
14548376 226410526 3.55251 0
