14548376 100000 100 0
14548376 12011080 70.2056 0
14548376 23922160 49.4853 0
14548376 35833240 30.8868 0
14548376 47744321 21.5416 0
14548376 59655401 13.9643 0
14548376 71566481 9.59346 0
14548376 83477562 6.34887 0
14548376 95388642 4.32141 0
14548376 107299722 2.98944 0
14548376 119210803 1.96584 0
14548376 131121883 1.34464 0
14548376 143032963 0.902404 0
14548376 154944044 0.603599 0
14548376 166855124 0.402441 0
14548376 178766204 0.26906 0
14548376 190677285 0.183476 0
14548376 202588365 0.12136 0
14548376 214499445 0.0857069 0
14548376 226410526 0.0582593 0
