14548376 100000 100 0
14548376 7410526 23.2213 0
14548376 15410526 9.10671 0
14548376 36410526 5.32408 0
14548376 66410526 4.45524 0
14548376 126410526 4.00775 0
14548376 226410526 3.79826 0
14548376 526410526 3.65815 0
14548376 1052721052 3.60412 0
14548376 1579031578 3.58332 0
14548376 2105342105 3.57585 0
14548376 2631652631 3.5697 0
14548376 3157963157 3.56937 0
14548376 3684273684 3.56773 0
14548376 4210584210 3.56707 0
14548376 4736894736 3.56297 0
14548376 5263205263 3.56248 0
14548376 5789515789 3.55948 0
14548376 6315826315 3.56215 0
14548376 6842136842 3.55862 0
14548376 7368447368 3.56063 0
14548376 7894757894 3.55895 0
14548376 8421068421 3.55821 0
14548376 8947378947 3.55747 0
14548376 9473689473 3.5578 0
14548376 10000000000 3.55702 0
