14548376 100000 100 0
14548376 12011080 24.1326 0
14548376 23922160 16.9435 0
14548376 35833240 14.9763 0
14548376 47744321 13.9296 0
14548376 59655401 13.5958 0
14548376 71566481 13.3131 0
14548376 83477562 13.2379 0
14548376 95388642 13.1644 0
14548376 107299722 13.1337 0
14548376 119210803 13.1201 0
14548376 131121883 13.1121 0
14548376 143032963 13.1067 0
14548376 154944044 13.104 0
14548376 166855124 13.101 0
14548376 178766204 13.101 0
14548376 190677285 13.1012 0
14548376 202588365 13.1002 0
14548376 214499445 13.1009 0
14548376 226410526 13.1001 0
