14548376 100000 0.461233 0
14548376 12011080 0.461233 0
14548376 23922160 0.461233 0
14548376 35833240 0.461233 0
14548376 47744321 0.461233 0
14548376 59655401 0.461233 0
14548376 71566481 0.461233 0
14548376 83477562 0.461233 0
14548376 95388642 0.461233 0
14548376 107299722 0.461233 0
14548376 119210803 0.461233 0
14548376 131121883 0.461233 0
14548376 143032963 0.461233 0
14548376 154944044 0.461233 0
14548376 166855124 0.461233 0
14548376 178766204 0.461233 0
14548376 190677285 0.461233 0
14548376 202588365 0.461233 0
14548376 214499445 0.461233 0
14548376 226410526 0.461233 0
