14548376 100000 100 0
14548376 7410526 85.9646 0
14548376 15410526 61.0544 0
14548376 36410526 32.908 0
14548376 66410526 19.6601 0
14548376 126410526 10.8575 0
14548376 226410526 6.22115 0
14548376 526410526 2.73343 0
14548376 1052721052 1.37517 0
14548376 1579031578 0.920128 0
14548376 2105342105 0.690865 0
14548376 2631652631 0.553792 0
14548376 3157963157 0.457007 0
14548376 3684273684 0.389804 0
14548376 4210584210 0.341679 0
14548376 4736894736 0.307708 0
14548376 5263205263 0.268239 0
14548376 5789515789 0.255233 0
14548376 6315826315 0.230042 0
14548376 6842136842 0.210349 0
14548376 7368447368 0.19283 0
14548376 7894757894 0.181917 0
14548376 8421068421 0.175229 0
14548376 8947378947 0.159557 0
14548376 9473689473 0.152131 0
14548376 10000000000 0.145156 0
