14548376 100000 100 0
14548376 7410526 75.1594 0
14548376 15410526 70.4135 0
14548376 36410526 67.7231 0
14548376 66410526 66.8974 0
14548376 126410526 66.3447 0
14548376 226410526 66.0987 0
14548376 526410526 65.9178 0
14548376 1052721052 65.8468 0
14548376 1579031578 65.8354 0
14548376 2105342105 65.8204 0
14548376 2631652631 65.8137 0
14548376 3157963157 65.8051 0
14548376 3684273684 65.8085 0
14548376 4210584210 65.7936 0
14548376 4736894736 65.7985 0
14548376 5263205263 65.7954 0
14548376 5789515789 65.7921 0
14548376 6315826315 65.791 0
14548376 6842136842 65.7961 0
14548376 7368447368 65.7877 0
14548376 7894757894 65.7919 0
14548376 8421068421 65.7935 0
14548376 8947378947 65.7892 0
14548376 9473689473 65.7907 0
14548376 10000000000 65.7932 0
