14548376 100000 3.55214 0
14548376 12011080 3.55214 0
14548376 23922160 3.55214 0
14548376 35833240 3.55214 0
14548376 47744321 3.55214 0
14548376 59655401 3.55214 0
14548376 71566481 3.55214 0
14548376 83477562 3.55214 0
14548376 95388642 3.55214 0
14548376 107299722 3.55214 0
14548376 119210803 3.55214 0
14548376 131121883 3.55214 0
14548376 143032963 3.55214 0
14548376 154944044 3.55214 0
14548376 166855124 3.55214 0
14548376 178766204 3.55214 0
14548376 190677285 3.55214 0
14548376 202588365 3.55214 0
14548376 214499445 3.55214 0
14548376 226410526 3.55214 0
