14548376 100000 13.1001 0
14548376 12011080 13.1001 0
14548376 23922160 13.1001 0
14548376 35833240 13.1001 0
14548376 47744321 13.1001 0
14548376 59655401 13.1001 0
14548376 71566481 13.1001 0
14548376 83477562 13.1001 0
14548376 95388642 13.1001 0
14548376 107299722 13.1001 0
14548376 119210803 13.1001 0
14548376 131121883 13.1001 0
14548376 143032963 13.1001 0
14548376 154944044 13.1001 0
14548376 166855124 13.1001 0
14548376 178766204 13.1001 0
14548376 190677285 13.1001 0
14548376 202588365 13.1001 0
14548376 214499445 13.1001 0
14548376 226410526 13.1001 0
