14548376 100000 100 0
14548376 7410526 21.0541 0
14548376 15410526 5.94717 0
14548376 36410526 2.77917 0
14548376 66410526 2.06562 0
14548376 126410526 1.72165 0
14548376 226410526 1.55278 0
14548376 526410526 1.44787 0
14548376 1052721052 1.40319 0
14548376 1579031578 1.39486 0
14548376 2105342105 1.38592 0
14548376 2631652631 1.38272 0
14548376 3157963157 1.38103 0
14548376 3684273684 1.37927 0
14548376 4210584210 1.3764 0
14548376 4736894736 1.37664 0
14548376 5263205263 1.37517 0
14548376 5789515789 1.37311 0
14548376 6315826315 1.37525 0
14548376 6842136842 1.3741 0
14548376 7368447368 1.37303 0
14548376 7894757894 1.37176 0
14548376 8421068421 1.37205 0
14548376 8947378947 1.37217 0
14548376 9473689473 1.37193 0
14548376 10000000000 1.37127 0
