14548376 100000 100 0
14548376 12011080 26.5058 0
14548376 23922160 7.95096 0
14548376 35833240 2.12343 0
14548376 47744321 1.03197 0
14548376 59655401 0.541607 0
14548376 71566481 0.349474 0
14548376 83477562 0.23476 0
14548376 95388642 0.161936 0
14548376 107299722 0.120539 0
14548376 119210803 0.0871839 0
14548376 131121883 0.0673264 0
14548376 143032963 0.0544848 0
14548376 154944044 0.0465254 0
14548376 166855124 0.0421354 0
14548376 178766204 0.0371711 0
14548376 190677285 0.0343812 0
14548376 202588365 0.0323709 0
14548376 214499445 0.0315503 0
14548376 226410526 0.0306067 0
