14548376 100000 1.36708 0
14548376 12011080 1.36708 0
14548376 23922160 1.36708 0
14548376 35833240 1.36708 0
14548376 47744321 1.36708 0
14548376 59655401 1.36708 0
14548376 71566481 1.36708 0
14548376 83477562 1.36708 0
14548376 95388642 1.36708 0
14548376 107299722 1.36708 0
14548376 119210803 1.36708 0
14548376 131121883 1.36708 0
14548376 143032963 1.36708 0
14548376 154944044 1.36708 0
14548376 166855124 1.36708 0
14548376 178766204 1.36708 0
14548376 190677285 1.36708 0
14548376 202588365 1.36708 0
14548376 214499445 1.36708 0
14548376 226410526 1.36708 0
