14548376 100000 100 0
14548376 12011080 8.38458 0
14548376 23922160 4.09497 0
14548376 35833240 2.59837 0
14548376 47744321 2.07666 0
14548376 59655401 1.78971 0
14548376 71566481 1.63495 0
14548376 83477562 1.54211 0
14548376 95388642 1.47852 0
14548376 107299722 1.43901 0
14548376 119210803 1.41521 0
14548376 131121883 1.39806 0
14548376 143032963 1.38719 0
14548376 154944044 1.37874 0
14548376 166855124 1.37636 0
14548376 178766204 1.37348 0
14548376 190677285 1.37053 0
14548376 202588365 1.36955 0
14548376 214499445 1.36926 0
14548376 226410526 1.36786 0
