    z  AMQ_FPR  findere_FPR  construction_FPR
    0 0.050049  0.050049  0.0
    1 0.050049  0.002607  0.000022
    2 0.050049  0.000291  0.000056
    3 0.050049  0.000194  0.000098
    4 0.050049  0.000273  0.000152
    5 0.050049  0.000301  0.0002
    6 0.050049  0.00033  0.000245
    7 0.050049  0.000431  0.00031
    8 0.050049  0.00047  0.000381
    9 0.050049  0.00055  0.000438
    10 0.050049  0.000677  0.000548
    11 0.050049  0.000716  0.000625
    12 0.050049  0.00081  0.000706
    13 0.050049  0.00101  0.0009
    14 0.050049  0.001192  0.00108
    15 0.050049  0.001485  0.001371
    16 0.050049  0.002595  0.002417
    17 0.050049  0.011875  0.011199
    18 0.050049  0.109856  0.104765
    19 0.050049  0.648971  0.639589
    20 0.050049  0.9805  0.979849
    21 0.050049  0.993758  0.993709
    22 0.050049  0.993945  0.993921
    23 0.050049  0.994351  0.994312
    24 0.050049  0.996523  0.996451
    25 0.050049  0.999569  0.999559
    26 0.050049  0.999993  0.999993
    27 0.050049  1.0  1.0
    28 0.050049  1.0  1.0
    29 0.050049  1.0  1.0
    30 0.050049  1.0  1.0